Measurement simulation file
Simulation was performed on Fri Dec 20 17:46:57 2019
Description: test
### begin grid settings
1020.0 1147.0 0.0 1693.0 1147.0 0.0 100.0 100.0 0.0 2.0 2 1120 1374 0 1370 1374 0 434325000.0 434620000.0 
### begin measurement data
1020.0 1147.0 0.0 -58.7752415922 -64.5901089982 500.0 500.0 
1132.16666667 1147.0 0.0 -58.7752415922 -64.5901089982 500.0 500.0 
1244.33333333 1147.0 0.0 -58.7752415922 -64.5901089982 500.0 500.0 
1356.5 1147.0 0.0 -58.7752415922 -64.5901089982 500.0 500.0 
1468.66666667 1147.0 0.0 -58.7752415922 -64.5901089982 500.0 500.0 
1580.83333333 1147.0 0.0 -58.7752415922 -64.5901089982 500.0 500.0 
1693.0 1147.0 0.0 -58.7752415922 -64.5901089982 500.0 500.0 
