Measurement file
Measurement was taken on Mon Nov 11 18:25:25 2019
Description: Test
### begin grid settings
1020.0 1147.0 0.0 1693.0 1147.0 0.0 100.0 0.0 0.0 2.0 2 1120 1374 0 1370 1374 0 434325000.0 434620000.0 
### begin measurement data
[ 1020.  1147.     0.],1,1,1
[ 1132.16666667  1147.             0.        ],1,1,1
[ 1244.33333333  1147.             0.        ],1,1,1
[ 1356.5  1147.      0. ],1,1,1
[ 1468.66666667  1147.             0.        ],1,1,1
[ 1580.83333333  1147.             0.        ],1,1,1
[ 1693.  1147.     0.],1,1,1
