Measurement simulation file
Simulation was performed on Mon Jan 13 11:42:45 2020
Description: second test
### begin grid settings
1020.0 1147.0 0.0 1693.0 1147.0 1000.0 100.0 0.0 0.0 2.0 2 1120 1374 0 1370 1374 0 434325000.0 434620000.0 
### begin measurement data
1020.0 1147.0 0.0 -57.6085415922 -67.1318034766 500.0 500.0 
1132.16666667 1147.0 0.0 -56.4379281923 -63.4241089982 500.0 500.0 
1244.33333333 1147.0 0.0 -58.1922060247 -60.0820087728 500.0 500.0 
1356.5 1147.0 0.0 -61.6189620009 -58.341662803 500.0 500.0 
1468.66666667 1147.0 0.0 -65.4468450731 -59.450961167 500.0 500.0 
1580.83333333 1147.0 0.0 -69.2234273502 -62.5560424457 500.0 500.0 
1693.0 1147.0 0.0 -72.8492366374 -66.237789555 500.0 500.0 
