Measurement simulation file
Simulation was performed on Mon Jan 13 16:32:24 2020
Description: k
### begin grid settings
1400.0 1100.0 0.0 1000.0 1100.0 0.0 -20.0 0.0 0.0 2.0 4 1000 1400 0 1200 1400 0 1400 1400 0 1600 1400 0 434325000.0 434620000.0 0 0 
### begin measurement data
1000.0 1200.0 0.0 -54.7812799133 -61.2652382166 -66.6949556304 -74.7395218759 0.0 0.0 0.0 0.0 200.0 282.842712475 447.2135955 632.455532034 
1020.0 1200.0 0.0 -54.8443620038 -60.5763151312 -65.9878181535 -74.1241011116 0.0 0.0 0.0 0.0 200.997512422 269.072480941 429.418211072 613.514466007 
1040.0 1200.0 0.0 -55.0305037371 -59.9078187155 -65.2740517426 -73.5026968241 0.0 0.0 0.0 0.0 203.960780544 256.124969497 411.825205639 594.642749893 
1060.0 1200.0 0.0 -55.330944513 -59.2687820555 -64.5540437937 -72.8751015359 0.0 0.0 0.0 0.0 208.806130178 244.131112315 394.461658466 575.847201956 
1080.0 1200.0 0.0 -55.73272677 -58.670265503 -63.8284036046 -72.2411112429 0.0 0.0 0.0 0.0 215.406592285 233.238075794 377.359245282 557.135531087 
1100.0 1200.0 0.0 -56.2205778803 -58.1253365673 -63.098034498 -71.6005298116 0.0 0.0 0.0 0.0 223.60679775 223.60679775 360.555127546 538.516480713 
1120.0 1200.0 0.0 -56.7787016668 -57.6487197386 -62.3642272013 -70.9531748727 0.0 0.0 0.0 0.0 233.238075794 215.406592285 344.093010682 520.0 
1140.0 1200.0 0.0 -57.3921416794 -57.2559801146 -61.6287796977 -70.2988856764 0.0 0.0 0.0 0.0 244.131112315 208.806130178 328.024389337 501.597448159 
1160.0 1200.0 0.0 -58.0476099237 -56.9621774677 -60.8941490575 -69.6375335209 0.0 0.0 0.0 0.0 256.124969497 203.960780544 312.409987036 483.321838944 
1180.0 1200.0 0.0 -58.7338444301 -56.7800954118 -60.1636400642 -68.9690355547 0.0 0.0 0.0 0.0 269.072480941 200.997512422 297.321374946 465.188133985 
1200.0 1200.0 0.0 -59.4416327327 -56.7183799133 -59.4416327327 -68.2933730046 0.0 0.0 0.0 0.0 282.842712475 200.0 282.842712475 447.2135955 
1220.0 1200.0 0.0 -60.1636400642 -56.7800954118 -58.7338444301 -67.6106152043 0.0 0.0 0.0 0.0 297.321374946 200.997512422 269.072480941 429.418211072 
1240.0 1200.0 0.0 -60.8941490575 -56.9621774677 -58.0476099237 -66.9209512109 0.0 0.0 0.0 0.0 312.409987036 203.960780544 256.124969497 411.825205639 
1260.0 1200.0 0.0 -61.6287796977 -57.2559801146 -57.3921416794 -66.2247313216 0.0 0.0 0.0 0.0 328.024389337 208.806130178 244.131112315 394.461658466 
1280.0 1200.0 0.0 -62.3642272013 -57.6487197386 -56.7787016668 -65.5225214386 0.0 0.0 0.0 0.0 344.093010682 215.406592285 233.238075794 377.359245282 
1300.0 1200.0 0.0 -63.098034498 -58.1253365673 -56.2205778803 -64.8151739733 0.0 0.0 0.0 0.0 360.555127546 223.60679775 223.60679775 360.555127546 
1320.0 1200.0 0.0 -63.8284036046 -58.670265503 -55.73272677 -64.1039197767 0.0 0.0 0.0 0.0 377.359245282 233.238075794 215.406592285 344.093010682 
1340.0 1200.0 0.0 -64.5540437937 -59.2687820555 -55.330944513 -63.3904862843 0.0 0.0 0.0 0.0 394.461658466 244.131112315 208.806130178 328.024389337 
1360.0 1200.0 0.0 -65.2740517426 -59.9078187155 -55.0305037371 -62.6772473752 0.0 0.0 0.0 0.0 411.825205639 256.124969497 203.960780544 312.409987036 
1380.0 1200.0 0.0 -65.9878181535 -60.5763151312 -54.8443620038 -61.9674097805 0.0 0.0 0.0 0.0 429.418211072 269.072480941 200.997512422 297.321374946 
1400.0 1200.0 0.0 -66.6949556304 -61.2652382166 -54.7812799133 -61.2652382166 0.0 0.0 0.0 0.0 447.2135955 282.842712475 200.0 282.842712475 
1400.0 1200.0 0.0 -66.6949556304 -61.2652382166 -54.7812799133 -61.2652382166 0.0 0.0 0.0 0.0 447.2135955 282.842712475 200.0 282.842712475 
1400.0 1180.0 0.0 -67.0587675678 -61.9674097805 -56.0074916164 -61.9674097805 0.0 0.0 0.0 0.0 456.508488421 297.321374946 220.0 297.321374946 
1400.0 1160.0 0.0 -67.44491425 -62.6772473752 -57.1616208342 -62.6772473752 0.0 0.0 0.0 0.0 466.476151588 312.409987036 240.0 312.409987036 
1400.0 1140.0 0.0 -67.851143121 -63.3904862843 -58.2552209594 -63.3904862843 0.0 0.0 0.0 0.0 477.074417675 328.024389337 260.0 328.024389337 
1400.0 1120.0 0.0 -68.2753206746 -64.1039197767 -59.2972726268 -64.1039197767 0.0 0.0 0.0 0.0 488.262224629 344.093010682 280.0 344.093010682 
1400.0 1100.0 0.0 -68.7154500867 -64.8151739733 -60.2948950944 -64.8151739733 0.0 0.0 0.0 0.0 500.0 360.555127546 300.0 360.555127546 
1400.0 1100.0 0.0 -68.7154500867 -64.8151739733 -60.2948950944 -64.8151739733 0.0 0.0 0.0 0.0 500.0 360.555127546 300.0 360.555127546 
1380.0 1100.0 0.0 -68.1199022116 -64.3551289371 -60.3274181834 -65.2997785692 0.0 0.0 0.0 0.0 484.148737476 349.857113691 300.665927567 372.021504755 
1360.0 1100.0 0.0 -67.527249679 -63.9240643408 -60.424305148 -65.8049340575 0.0 0.0 0.0 0.0 468.614980554 340.0 302.654919008 384.187454246 
1340.0 1100.0 0.0 -66.9387316274 -63.5267530453 -60.5835641336 -66.3270681879 0.0 0.0 0.0 0.0 453.43136195 331.058907145 305.941170816 396.988664826 
1320.0 1100.0 0.0 -66.3558236854 -63.1682148862 -60.8020495227 -66.8630426638 0.0 0.0 0.0 0.0 438.634243989 323.109888428 310.483493925 410.365690574 
1300.0 1100.0 0.0 -65.7802743452 -62.8535609813 -61.0756930207 -67.4101325711 0.0 0.0 0.0 0.0 424.264068712 316.227766017 316.227766017 424.264068712 
1280.0 1100.0 0.0 -65.2141436599 -62.587787136 -61.3997754334 -67.9659947711 0.0 0.0 0.0 0.0 410.365690574 310.483493925 323.109888428 438.634243989 
1260.0 1100.0 0.0 -64.6598426587 -62.3755247296 -61.7692037481 -68.5286306615 0.0 0.0 0.0 0.0 396.988664826 305.941170816 331.058907145 453.43136195 
1240.0 1100.0 0.0 -64.1201708698 -62.220767909 -62.1787643408 -69.0963471556 0.0 0.0 0.0 0.0 384.187454246 302.654919008 340.0 468.614980554 
1220.0 1100.0 0.0 -63.5983480308 -62.1266058627 -62.6233331829 -69.6677184413 0.0 0.0 0.0 0.0 372.021504755 300.665927567 349.857113691 484.148737476 
1200.0 1100.0 0.0 -63.098034498 -62.0949950944 -63.098034498 -70.2415500867 0.0 0.0 0.0 0.0 360.555127546 300.0 360.555127546 500.0 
1180.0 1100.0 0.0 -62.6233331829 -62.1266058627 -63.5983480308 -70.8168463342 0.0 0.0 0.0 0.0 349.857113691 300.665927567 372.021504755 516.139516023 
1160.0 1100.0 0.0 -62.1787643408 -62.220767909 -64.1201708698 -71.39278093 0.0 0.0 0.0 0.0 340.0 302.654919008 384.187454246 532.541078228 
1140.0 1100.0 0.0 -61.7692037481 -62.3755247296 -64.6598426587 -71.968671513 0.0 0.0 0.0 0.0 331.058907145 305.941170816 396.988664826 549.18120871 
1120.0 1100.0 0.0 -61.3997754334 -62.587787136 -65.2141436599 -72.5439573925 0.0 0.0 0.0 0.0 323.109888428 310.483493925 410.365690574 566.038867923 
1100.0 1100.0 0.0 -61.0756930207 -62.8535609813 -65.7802743452 -73.1181804355 0.0 0.0 0.0 0.0 316.227766017 316.227766017 424.264068712 583.095189485 
1080.0 1100.0 0.0 -60.8020495227 -63.1682148862 -66.3558236854 -73.69096874 0.0 0.0 0.0 0.0 310.483493925 323.109888428 438.634243989 600.333240792 
1060.0 1100.0 0.0 -60.5835641336 -63.5267530453 -66.9387316274 -74.2620227578 0.0 0.0 0.0 0.0 305.941170816 331.058907145 453.43136195 617.737808459 
1040.0 1100.0 0.0 -60.424305148 -63.9240643408 -67.527249679 -74.831103545 0.0 0.0 0.0 0.0 302.654919008 340.0 468.614980554 635.295206971 
1020.0 1100.0 0.0 -60.3274181834 -64.3551289371 -68.1199022116 -75.3980228409 0.0 0.0 0.0 0.0 300.665927567 349.857113691 484.148737476 652.993108693 
1000.0 1100.0 0.0 -60.2948950944 -64.8151739733 -68.7154500867 -75.9626347097 0.0 0.0 0.0 0.0 300.0 360.555127546 500.0 670.82039325 
