Measurement simulation file
Simulation was performed on Mon Jan 13 19:15:44 2020
Description: k
### begin grid settings
1400.0 1100.0 0.0 1000.0 1100.0 0.0 -20.0 0.0 0.0 2.0 4 1000 1400 0 1200 1400 0 1400 1400 0 1600 1400 0 434325000.0 434620000.0 0 0 
### begin measurement data
1000.0 1200.0 5.0 -54.7857807787 -61.2677146953 -66.696183195 -74.740225363 1.82204083424 2.39736005766 3.07051696969 4.56094623058 200.062490237 282.886903196 447.241545476 632.47529596 
1020.0 1200.0 5.0 -54.8488298361 -60.5789759681 -65.9891147067 -74.1248329334 1.82681748664 2.32460335699 2.96931667623 4.42029593342 201.059692629 269.118932816 429.447319237 613.534840087 
1040.0 1200.0 5.0 -55.0348761054 -59.9106784923 -65.2754244351 -73.5034592366 1.84100788997 2.25662109503 2.87121865981 4.28334291535 204.022057631 256.173769149 411.855557204 594.663770546 
1060.0 1200.0 5.0 -55.3351689156 -59.2718528439 -64.5555006853 -72.8758970437 1.86421610051 2.19395041835 2.77621084769 4.14999544845 208.865985742 244.182308941 394.493345951 575.868908694 
1080.0 1200.0 5.0 -55.7367644631 -58.6735546876 -63.8299537686 -72.2419426331 1.89585025899 2.13722982226 2.68429994645 4.02016681991 215.464614264 233.291662946 377.392368762 557.157966828 
1100.0 1200.0 5.0 -56.2244048138 -58.128844102 -63.0996881208 -71.6014001925 1.93520204745 2.08719221345 2.59551532058 3.89377575516 223.662692463 223.662692463 360.589794642 538.53969213 
1120.0 1200.0 5.0 -56.782307089 -57.6524351184 -62.3659956641 -70.9540877187 1.98152466239 2.04464140807 2.50991381132 3.77074695785 233.291662946 215.464614264 344.129336151 520.024037906 
1140.0 1200.0 5.0 -57.3955254303 -57.259879692 -61.6306756204 -70.2998448792 2.03409504894 2.01040674392 2.42758566692 3.65101179552 244.182308941 208.865985742 328.062494046 501.622367922 
1160.0 1200.0 5.0 -58.0507793792 -56.9662230632 -60.8961862698 -69.6385434483 2.09225493171 1.9852742446 2.34866173522 3.5345091671 256.173769149 204.022057631 312.449995999 483.347700936 
1180.0 1200.0 5.0 -58.7368117292 -56.7842352341 -60.1658334546 -68.9701011179 2.15543205596 1.96990037923 2.27332199619 3.4211865983 269.118932816 201.059692629 297.363414024 465.215004057 
1200.0 1200.0 5.0 -59.4444125759 -56.7225523439 -59.4439979029 -68.2944997344 2.22314645094 1.96472418398 2.20180534243 3.31100162269 282.886903196 200.062490237 282.886903196 447.241545476 
1220.0 1200.0 5.0 -60.1662481276 -56.7842352341 -58.7363970563 -67.611809336 2.29500709656 1.96990037923 2.13442018714 3.20392352138 297.363414024 201.059692629 269.118932816 429.447319237 
1240.0 1200.0 5.0 -60.8966009427 -56.9662230632 -58.0503647063 -66.9222197784 2.37070344661 1.9852742446 2.07155491106 3.09993551215 312.449995999 204.022057631 256.173769149 411.855557204 
1260.0 1200.0 5.0 -61.6310902933 -57.259879692 -57.3951107573 -66.226082258 2.4499949081 2.01040674392 2.01368627691 2.99903750021 328.062494046 208.865985742 244.182308941 394.493345951 
1280.0 1200.0 5.0 -62.3664103371 -57.6524351184 -56.7818924161 -65.5239636801 2.53270016025 2.04464140807 1.9613827325 2.9012495271 344.129336151 215.464614264 233.291662946 377.392368762 
1300.0 1200.0 5.0 -63.1001027937 -58.128844102 -56.2239901409 -64.8167175587 2.61868730795 2.08719221345 1.91529817948 2.80661607849 360.589794642 223.662692463 223.662692463 360.589794642 
1320.0 1200.0 5.0 -63.8303684416 -58.6735546876 -55.7363497902 -64.1055759302 2.70786529243 2.13722982226 1.87615086423 2.71521143307 377.392368762 233.291662946 215.464614264 344.129336151 
1340.0 1200.0 5.0 -64.5559153583 -59.2718528439 -55.3347542427 -63.3922674602 2.80017665136 2.19395041835 1.84468261329 2.62714624195 394.493345951 244.182308941 208.865985742 328.062494046 
1360.0 1200.0 5.0 -65.275839108 -59.9106784923 -55.0344614324 -62.6791672319 2.89559155019 2.25662109503 1.82159701208 2.54257550646 411.855557204 256.173769149 204.022057631 312.449995999 
1380.0 1200.0 5.0 -65.9895293797 -60.5789759681 -54.8484151632 -61.9694830341 2.99410293223 2.32460335699 1.80748195589 2.46170804049 429.447319237 269.118932816 201.059692629 297.363414024 
1400.0 1200.0 5.0 -66.696597868 -61.2677146953 -54.7853661058 -61.2674803022 3.09572261549 2.39736005766 1.80273073165 2.38481731566 447.241545476 282.886903196 200.062490237 282.886903196 
1400.0 1200.0 5.0 -66.696597868 -61.2677146953 -54.7853661058 -61.2674803022 3.09572261549 2.39736005766 1.80273073165 2.38481731566 447.241545476 282.886903196 200.062490237 282.886903196 
1400.0 1180.0 5.0 -67.0603765923 -61.9697174272 -56.0109938723 -61.9694830341 3.1496220443 2.47445172253 1.89807097109 2.46170804049 456.535869347 297.363414024 220.056810847 297.363414024 
1400.0 1160.0 5.0 -67.4464895972 -62.679401625 -57.1646706876 -62.6791672319 3.20806881012 2.55552718359 1.99382481431 2.54257550646 466.502947472 312.449995999 240.052077683 312.449995999 
1400.0 1140.0 5.0 -67.8526846922 -63.3925018533 -58.2579123096 -63.3922674602 3.2709644937 2.64031195189 2.0903236177 2.62714624195 477.100618319 328.062494046 260.048072479 328.062494046 
1400.0 1120.0 5.0 -68.2768286803 -64.1058103234 -59.2996744204 -64.1055759302 3.338220071 2.72859641151 2.18784641518 2.71521143307 488.287824956 344.129336151 280.044639299 344.129336151 
1400.0 1100.0 5.0 -68.7169249931 -64.8169519519 -60.2970591809 -64.8167175587 3.40975710987 2.82022493463 2.28663400101 2.80661607849 500.024999375 360.589794642 300.041663774 360.589794642 
1400.0 1100.0 5.0 -68.7169249931 -64.8169519519 -60.2970591809 -64.8167175587 3.40975710987 2.82022493463 2.28663400101 2.80661607849 500.024999375 360.589794642 300.041663774 360.589794642 
1380.0 1100.0 5.0 -68.1214223203 -64.356978423 -60.3295750957 -65.3012516573 3.31338759231 2.76053864786 2.28994757023 2.87103843453 484.1745553 349.892840738 300.707499075 372.055103446 
1360.0 1100.0 5.0 -67.5288180467 -63.9259852041 -60.4264408897 -65.8063385237 3.22069878131 2.70600394261 2.29985436851 2.94010814133 468.641654145 340.036762718 302.696217353 384.219989069 
1340.0 1100.0 5.0 -66.940351447 -63.5287437278 -60.5856657207 -66.3284065298 3.13171464503 2.65690115646 2.3162552917 3.01361818376 453.45892868 331.096662623 305.982025616 397.020150622 
1320.0 1100.0 5.0 -66.357498252 -63.1702721252 -60.8041055231 -66.8643177945 3.04647666624 2.61352417439 2.33899349419 3.09138938727 438.662740611 323.148572641 310.523751104 410.396150079 
1300.0 1100.0 5.0 -65.782007005 -62.8556795815 -61.0776939218 -67.411347652 2.96504561105 2.5761708245 2.36786552929 3.17326997652 424.293530472 316.267292017 316.267292017 424.293530472 
1280.0 1100.0 5.0 -65.2159377364 -62.5899598338 -61.40171382 -67.9671530811 2.88750333591 2.54513065932 2.4026346061 3.25913435547 410.396150079 310.523751104 323.148572641 438.662740611 
1260.0 1100.0 5.0 -64.6617013524 -62.3777421954 -61.7710743058 -68.5297354984 2.81395453225 2.52067066435 2.44304432853 3.34888141824 397.020150622 305.982025616 331.096662623 453.45892868 
1240.0 1100.0 5.0 -64.122097125 -62.2230189217 -62.1805637192 -69.0974017642 2.74452825831 2.50301995911 2.48883152911 3.44243262363 384.219989069 302.696217353 340.036762718 468.641654145 
1220.0 1100.0 5.0 -63.6003443653 -62.1288776718 -62.625059765 -69.6687259633 2.67937904685 2.49235503523 2.5397372408 3.5397299989 372.055103446 300.707499075 349.892840738 484.1745553 
1200.0 1100.0 5.0 -63.1001027937 -62.0972739513 -63.0996881208 -70.2425135276 2.61868730795 2.48878735164 2.59551532058 3.64073418406 360.589794642 300.041663774 360.589794642 500.024999375 
1180.0 1100.0 5.0 -62.625474438 -62.1288776718 -63.5999296923 -70.8177685432 2.56265867688 2.49235503523 2.65593864269 3.74542258578 349.892840738 300.707499075 372.055103446 516.163733712 
1160.0 1100.0 5.0 -62.1809783921 -62.2230189217 -64.1216824521 -71.3936645895 2.51152190263 2.50301995911 2.72080306426 3.85378768006 340.036762718 302.696217353 384.219989069 532.564550078 
1140.0 1100.0 5.0 -61.7714889787 -62.3777421954 -64.6612866795 -71.9695191353 2.46552485792 2.52067066435 2.78992952431 3.96583548111 331.096662623 305.982025616 397.020150622 549.203969396 
1120.0 1100.0 5.0 -61.4021284929 -62.5899598338 -65.2155230635 -72.5447713211 2.42492830684 2.54513065932 2.8631646928 4.08158418014 323.148572641 310.523751104 410.396150079 566.060950782 
1100.0 1100.0 5.0 -61.0781085947 -62.8556795815 -65.7815923321 -73.1189628501 2.3899972263 2.5761708245 2.9403805713 4.20106294871 316.267292017 316.267292017 424.293530472 583.116626414 
1080.0 1100.0 5.0 -60.804520196 -63.1702721252 -66.3570835791 -73.6917216638 2.36098976349 2.61352417439 3.02147339315 4.32431089611 310.523751104 323.148572641 438.662740611 600.3540622 
1060.0 1100.0 5.0 -60.5860803936 -63.5287437278 -66.9399367741 -74.2627480657 2.33814431882 2.65690115646 3.106362102 4.45137616769 305.982025616 331.096662623 453.45892868 617.75804325 
1040.0 1100.0 5.0 -60.4268555626 -63.9259852041 -67.5284033737 -74.8318029727 2.32166571731 2.70600394261 3.19498661875 4.58231516988 302.696217353 340.036762718 468.641654145 635.314882558 
1020.0 1100.0 5.0 -60.3299897687 -64.356978423 -68.1210076474 -75.3986979945 2.31171186485 2.76053864786 3.28730604633 4.7171919081 300.707499075 349.892840738 484.1745553 653.012251034 
1000.0 1100.0 5.0 -60.2974738538 -64.8169519519 -68.7165103201 -75.9632870749 2.30838253464 2.82022493463 3.38329691256 4.8560774239 300.041663774 360.589794642 500.024999375 670.839026891 
