Measurement file
Measurement was taken on Thu Oct 24 15:51:59 2019
Description: test
### begin grid settings
1020.0 1147.0 0.0 1693.0 1147.0 0.0 100.0 0.0 0.0 2.0 2 1120 1374 0 1370 1374 0 434325000.0 434620000.0 
### begin measurement data
1020.0 1147.0 0.0 0 2 77 434325000.0 434620000.0 -105.762 -57.367 -57.142 -57.297 -57.079 -57.344 -57.343 -57.306 -57.262 -57.361 -57.403 -57.21 -57.257 -57.115 -57.254 -57.395 -57.389 -57.476 -57.493 -57.346 -57.263 -57.49 -57.166 -57.774 -57.34 -57.353 -57.229 -57.525 -57.617 -57.418 -57.372 -57.327 -57.521 -57.586 -57.498 -57.462 -57.704 -57.522 -57.418 -57.339 -57.395 -57.387 -57.476 -57.562 -57.507 -57.686 -57.545 -57.435 -57.834 -57.733 -57.516 -57.486 -57.258 -57.704 -57.66 -57.621 -57.146 -57.525 -57.455 -57.391 -57.357 -57.469 -57.485 -57.594 -57.535 -57.375 -57.571 -57.569 -57.486 -57.389 -57.523 -57.3 -57.464 -57.45 -57.515 -57.75 -57.423 -96.943 -67.436 -67.098 -67.24 -67.386 -67.413 -67.4 -67.19 -67.096 -67.317 -67.106 -67.31 -67.244 -67.407 -67.355 -67.144 -67.393 -67.348 -67.445 -67.315 -67.444 -67.477 -67.462 -67.526 -67.318 -67.629 -67.333 -67.422 -67.385 -67.611 -67.586 -67.339 -67.742 -67.502 -67.322 -67.524 -67.334 -67.47 -67.525 -67.239 -67.419 -67.533 -67.563 -67.461 -67.475 -67.711 -67.468 -67.411 -67.255 -67.45 -67.604 -67.266 -67.563 -67.129 -67.466 -67.372 -67.375 -67.587 -67.429 -67.311 -67.382 -67.571 -67.287 -67.611 -67.408 -67.304 -67.478 -67.59 -67.51 -67.684 -67.241 -67.63 -67.577 -67.717 -67.503 -67.485 -67.53 
1132.1666666666667 1147.0 0.0 1 2 76 434325000.0 434620000.0 -57.489 -55.757 -55.812 -55.832 -55.788 -56.019 -55.835 -55.788 -55.883 -56.083 -55.99 -55.832 -55.703 -55.827 -55.833 -55.905 -55.928 -55.924 -55.863 -55.83 -55.906 -55.822 -56.211 -55.889 -55.878 -55.843 -55.617 -55.977 -56.033 -55.748 -56.116 -55.972 -55.861 -55.556 -55.961 -56.005 -55.818 -56.031 -56.027 -55.968 -55.982 -55.994 -55.967 -55.967 -55.732 -55.881 -56.044 -55.887 -55.876 -55.676 -55.856 -55.908 -55.888 -55.805 -55.707 -55.787 -55.977 -55.963 -55.941 -56.024 -56.039 -56.054 -55.827 -55.921 -55.778 -56.14 -56.093 -56.17 -55.896 -55.86 -56.041 -56.009 -55.81 -55.945 -56.045 -56.069 -67.44 -64.713 -64.797 -64.336 -64.42 -64.777 -64.81 -64.589 -64.541 -64.699 -64.688 -64.51 -64.326 -64.601 -64.466 -64.769 -64.724 -64.553 -64.616 -64.619 -64.586 -64.818 -64.664 -64.616 -64.52 -64.579 -64.747 -64.931 -64.268 -64.713 -64.34 -64.626 -64.944 -64.647 -64.489 -64.579 -64.631 -64.46 -64.803 -64.706 -64.755 -64.604 -64.665 -64.662 -64.629 -64.717 -64.675 -64.645 -64.42 -64.608 -64.594 -64.767 -64.597 -64.515 -64.871 -64.604 -64.797 -64.712 -64.628 -64.642 -64.594 -64.599 -64.551 -64.698 -64.518 -64.759 -64.782 -64.536 -64.615 -64.944 -64.803 -64.546 -64.574 -64.81 -64.574 -64.687 
1244.3333333333333 1147.0 0.0 2 2 75 434325000.0 434620000.0 -56.007 -58.087 -57.99 -57.855 -58.09 -57.984 -58.045 -58.105 -57.971 -57.902 -57.938 -57.824 -57.996 -58.032 -57.968 -57.832 -57.731 -58.085 -57.859 -58.061 -58.019 -57.942 -57.837 -57.812 -58.013 -57.939 -58.028 -57.805 -57.839 -57.929 -57.95 -57.961 -58.024 -57.924 -58.001 -57.965 -58.078 -58.023 -58.18 -57.97 -58.025 -57.694 -57.84 -57.902 -57.807 -57.883 -57.765 -57.965 -57.78 -58.167 -57.963 -57.934 -57.788 -57.769 -57.769 -57.839 -57.9 -57.931 -57.822 -58.061 -57.551 -58.019 -57.884 -57.865 -57.792 -58.011 -57.921 -57.743 -58.023 -58.041 -57.959 -58.178 -57.763 -58.109 -58.106 -64.729 -59.953 -59.848 -60.07 -60.176 -60.064 -59.849 -59.896 -59.822 -60.171 -59.97 -59.899 -60.05 -59.93 -60.062 -60.087 -60.246 -60.217 -60.061 -60.037 -60.03 -60.205 -60.382 -59.98 -60.053 -59.93 -59.992 -60.068 -59.989 -60.134 -60.007 -60.079 -60.192 -60.131 -59.736 -59.896 -60.261 -60.009 -60.127 -60.321 -59.966 -60.194 -60.077 -60.117 -60.009 -60.087 -60.142 -59.818 -60.416 -60.028 -60.043 -60.139 -59.835 -59.927 -59.733 -60.121 -59.889 -59.923 -59.902 -60.162 -60.019 -59.914 -59.955 -60.109 -60.172 -60.101 -60.139 -59.866 -60.087 -60.136 -60.08 -60.134 -60.101 -60.302 -60.215 
1356.5 1147.0 0.0 3 2 77 434325000.0 434620000.0 -57.838 -62.341 -62.383 -62.29 -62.498 -62.437 -62.358 -62.347 -62.217 -62.326 -62.379 -62.468 -62.372 -62.466 -62.301 -62.153 -62.321 -62.261 -62.426 -62.386 -62.394 -62.317 -62.259 -62.332 -62.353 -62.335 -62.394 -62.374 -62.395 -62.438 -62.426 -62.385 -62.284 -62.365 -62.273 -62.39 -62.417 -62.361 -62.292 -62.291 -62.381 -62.332 -62.289 -62.206 -62.426 -62.374 -62.325 -62.478 -62.483 -62.43 -62.194 -62.311 -62.477 -62.32 -62.317 -62.315 -62.41 -62.146 -61.982 -62.448 -62.144 -62.376 -62.413 -62.432 -62.424 -62.223 -62.3 -62.334 -62.218 -62.401 -62.433 -62.239 -62.324 -62.398 -62.178 -62.408 -62.144 -60.108 -58.1 -58.336 -58.268 -58.334 -58.224 -58.303 -58.139 -58.285 -58.132 -58.367 -58.119 -58.385 -58.235 -58.343 -58.171 -58.193 -58.344 -58.202 -58.122 -58.175 -58.305 -58.353 -58.331 -58.184 -58.325 -58.406 -58.287 -58.369 -58.19 -58.302 -58.255 -58.116 -58.185 -58.388 -58.391 -58.162 -58.289 -58.339 -58.408 -58.274 -58.213 -58.341 -58.381 -58.339 -58.294 -58.255 -58.364 -58.388 -58.39 -58.323 -58.321 -58.238 -58.268 -58.359 -58.407 -58.309 -58.347 -58.353 -58.4 -58.117 -58.381 -58.25 -58.355 -58.191 -58.132 -58.393 -58.349 -58.277 -58.397 -58.281 -58.375 -58.397 -58.377 -58.302 -58.355 -58.401 
1468.6666666666667 1147.0 0.0 4 2 75 434325000.0 434620000.0 -62.357 -66.179 -66.025 -66.243 -66.196 -66.117 -66.214 -66.289 -66.189 -66.339 -65.938 -66.345 -66.256 -66.093 -66.077 -66.337 -66.029 -66.047 -65.952 -66.143 -66.116 -66.133 -66.154 -65.999 -66.188 -65.963 -66.05 -65.958 -66.089 -66.145 -66.128 -66.093 -66.259 -66.145 -66.095 -66.249 -66.339 -66.037 -65.909 -66.127 -66.253 -65.975 -65.953 -65.881 -66.268 -66.129 -66.182 -65.864 -65.962 -66.042 -66.08 -65.654 -65.989 -65.845 -65.949 -65.837 -65.776 -65.769 -66.004 -66.159 -65.988 -66.041 -66.111 -66.055 -66.004 -65.891 -65.728 -65.866 -66.416 -66.017 -66.251 -66.177 -66.292 -66.207 -66.095 -58.232 -59.302 -59.203 -59.392 -59.1 -59.054 -59.169 -59.266 -59.373 -59.407 -59.38 -59.331 -59.247 -59.33 -59.372 -59.198 -59.217 -59.448 -59.21 -59.258 -59.164 -59.256 -59.271 -59.25 -59.322 -59.072 -59.321 -59.405 -59.335 -59.305 -59.341 -59.066 -59.257 -59.124 -59.222 -59.077 -58.942 -59.427 -59.159 -58.996 -58.885 -59.348 -59.404 -59.178 -59.219 -59.173 -59.214 -59.242 -59.053 -59.013 -59.15 -59.178 -59.221 -59.304 -59.189 -59.33 -58.876 -59.173 -59.21 -59.163 -59.104 -59.031 -59.341 -58.958 -59.43 -59.057 -59.213 -59.184 -59.275 -59.177 -59.017 -59.222 -59.151 -59.139 -59.366 
1580.8333333333335 1147.0 0.0 5 2 75 434325000.0 434620000.0 -66.165 -69.597 -69.317 -69.503 -69.637 -69.521 -69.208 -69.485 -69.32 -69.438 -69.631 -69.423 -69.69 -69.447 -69.729 -69.601 -69.637 -69.516 -69.671 -69.507 -69.676 -69.441 -69.282 -69.306 -69.543 -69.693 -69.373 -69.112 -69.516 -69.296 -69.863 -69.507 -69.662 -69.387 -69.612 -69.543 -69.458 -69.356 -69.677 -69.758 -69.385 -69.309 -69.52 -69.427 -69.455 -69.573 -69.285 -69.471 -69.416 -69.349 -69.182 -69.385 -69.346 -69.36 -69.338 -69.48 -69.456 -69.481 -69.416 -69.993 -69.336 -69.509 -69.171 -69.531 -69.463 -69.099 -69.216 -69.531 -69.357 -69.214 -69.396 -69.082 -69.421 -69.614 -69.336 -59.117 -62.267 -62.304 -62.206 -62.437 -62.266 -62.045 -62.221 -62.186 -62.255 -62.351 -62.249 -62.161 -61.989 -62.468 -62.504 -62.267 -62.175 -62.185 -62.302 -62.393 -62.295 -62.093 -62.018 -62.353 -62.335 -62.334 -62.414 -62.224 -62.463 -62.169 -62.18 -62.241 -62.321 -62.466 -62.655 -62.354 -62.176 -62.187 -62.209 -62.199 -62.535 -62.095 -62.201 -62.18 -62.22 -62.171 -62.267 -62.178 -62.274 -62.266 -62.084 -62.237 -62.167 -62.66 -62.366 -62.2 -62.266 -62.248 -62.466 -62.232 -62.277 -62.294 -62.378 -62.294 -62.071 -62.371 -62.305 -62.19 -62.234 -62.198 -62.302 -62.072 -61.975 -62.01 
1693.0 1147.0 0.0 6 2 76 434325000.0 434620000.0 -69.078 -71.985 -72.232 -72.113 -72.403 -72.219 -72.391 -72.69 -72.167 -72.253 -72.521 -72.175 -72.139 -72.087 -72.084 -72.363 -72.229 -72.363 -72.224 -72.296 -72.111 -71.876 -72.108 -72.109 -72.528 -72.181 -71.957 -72.05 -72.207 -72.345 -72.218 -72.521 -72.145 -72.145 -72.004 -72.297 -72.358 -72.089 -72.212 -72.557 -72.203 -72.406 -71.999 -72.367 -72.397 -72.178 -72.067 -71.93 -72.149 -72.286 -71.932 -72.26 -72.332 -72.247 -72.097 -72.166 -72.329 -72.469 -71.968 -72.23 -72.288 -72.085 -72.273 -72.319 -72.114 -72.16 -71.991 -72.28 -72.299 -72.125 -72.083 -72.278 -72.337 -71.875 -72.355 -72.112 -62.552 -65.542 -65.396 -65.347 -65.376 -65.269 -65.406 -65.127 -65.212 -65.147 -65.25 -65.552 -65.31 -65.325 -65.475 -65.491 -65.562 -65.062 -65.465 -65.136 -65.277 -65.319 -65.353 -65.429 -65.332 -65.483 -65.453 -65.31 -65.531 -65.466 -65.197 -65.393 -65.533 -65.52 -65.478 -65.235 -65.48 -65.118 -65.338 -65.308 -65.428 -65.332 -65.295 -65.504 -65.107 -65.398 -65.343 -65.298 -65.357 -65.297 -65.274 -65.301 -65.455 -65.154 -65.625 -65.227 -65.007 -65.454 -65.41 -65.52 -65.272 -65.418 -65.296 -65.34 -65.485 -65.375 -65.322 -65.253 -65.186 -65.479 -65.485 -65.236 -65.432 -65.241 -65.655 -65.589 
