Way point list 
### begin grid settings
1000 1200 0 1700 1200 0 20 0 0 2
### begin wp_list
0 1000.0 1200.0 0.0 2.0
1 1020.0 1200.0 0.0 2.0
2 1040.0 1200.0 0.0 2.0
3 1060.0 1200.0 0.0 2.0
4 1080.0 1200.0 0.0 2.0
5 1100.0 1200.0 0.0 2.0
6 1120.0 1200.0 0.0 2.0
7 1140.0 1200.0 0.0 2.0
8 1160.0 1200.0 0.0 2.0
9 1180.0 1200.0 0.0 2.0
10 1200.0 1200.0 0.0 2.0
11 1220.0 1200.0 0.0 2.0
12 1240.0 1200.0 0.0 2.0
13 1260.0 1200.0 0.0 2.0
14 1280.0 1200.0 0.0 2.0
15 1300.0 1200.0 0.0 2.0
16 1320.0 1200.0 0.0 2.0
17 1340.0 1200.0 0.0 2.0
18 1360.0 1200.0 0.0 2.0
19 1380.0 1200.0 0.0 2.0
20 1400.0 1200.0 0.0 2.0
21 1420.0 1200.0 0.0 2.0
22 1440.0 1200.0 0.0 2.0
23 1460.0 1200.0 0.0 2.0
24 1480.0 1200.0 0.0 2.0
25 1500.0 1200.0 0.0 2.0
26 1520.0 1200.0 0.0 2.0
27 1540.0 1200.0 0.0 2.0
28 1560.0 1200.0 0.0 2.0
29 1580.0 1200.0 0.0 2.0
30 1600.0 1200.0 0.0 2.0
31 1620.0 1200.0 0.0 2.0
32 1640.0 1200.0 0.0 2.0
33 1660.0 1200.0 0.0 2.0
34 1680.0 1200.0 0.0 2.0
35 1700.0 1200.0 0.0 2.0
36 1700.0 1220.0 0.0 2.0
37 1700.0 1240.0 0.0 2.0
38 1700.0 1260.0 0.0 2.0
39 1700.0 1280.0 0.0 2.0
40 1700.0 1300.0 0.0 2.0
41 1680.0 1300.0 0.0 2.0
42 1660.0 1300.0 0.0 2.0
43 1640.0 1300.0 0.0 2.0
44 1620.0 1300.0 0.0 2.0
45 1600.0 1300.0 0.0 2.0
46 1580.0 1300.0 0.0 2.0
47 1560.0 1300.0 0.0 2.0
48 1540.0 1300.0 0.0 2.0
49 1520.0 1300.0 0.0 2.0
50 1500.0 1300.0 0.0 2.0
51 1480.0 1300.0 0.0 2.0
52 1460.0 1300.0 0.0 2.0
53 1440.0 1300.0 0.0 2.0
54 1420.0 1300.0 0.0 2.0
55 1400.0 1300.0 0.0 2.0
56 1380.0 1300.0 0.0 2.0
57 1360.0 1300.0 0.0 2.0
58 1340.0 1300.0 0.0 2.0
59 1320.0 1300.0 0.0 2.0
60 1300.0 1300.0 0.0 2.0
