Way point list 
### begin grid settings
1000 1200 0 1700 1300 0 20 20 0 2
### begin wp_list
0 1000.0 1200.0 0.0 2.0
1 1020.0 1200.0 0.0 2.0
2 1040.0 1200.0 0.0 2.0
3 1060.0 1200.0 0.0 2.0
4 1080.0 1200.0 0.0 2.0
5 1100.0 1200.0 0.0 2.0
6 1120.0 1200.0 0.0 2.0
7 1140.0 1200.0 0.0 2.0
8 1160.0 1200.0 0.0 2.0
9 1180.0 1200.0 0.0 2.0
10 1200.0 1200.0 0.0 2.0
11 1220.0 1200.0 0.0 2.0
12 1240.0 1200.0 0.0 2.0
13 1260.0 1200.0 0.0 2.0
14 1280.0 1200.0 0.0 2.0
15 1300.0 1200.0 0.0 2.0
16 1320.0 1200.0 0.0 2.0
17 1340.0 1200.0 0.0 2.0
18 1360.0 1200.0 0.0 2.0
19 1380.0 1200.0 0.0 2.0
20 1400.0 1200.0 0.0 2.0
21 1420.0 1200.0 0.0 2.0
22 1440.0 1200.0 0.0 2.0
23 1460.0 1200.0 0.0 2.0
24 1480.0 1200.0 0.0 2.0
25 1500.0 1200.0 0.0 2.0
26 1520.0 1200.0 0.0 2.0
27 1540.0 1200.0 0.0 2.0
28 1560.0 1200.0 0.0 2.0
29 1580.0 1200.0 0.0 2.0
30 1600.0 1200.0 0.0 2.0
31 1620.0 1200.0 0.0 2.0
32 1640.0 1200.0 0.0 2.0
33 1660.0 1200.0 0.0 2.0
34 1680.0 1200.0 0.0 2.0
35 1700.0 1200.0 0.0 2.0
36 1000.0 1220.0 0.0 2.0
37 1020.0 1220.0 0.0 2.0
38 1040.0 1220.0 0.0 2.0
39 1060.0 1220.0 0.0 2.0
40 1080.0 1220.0 0.0 2.0
41 1100.0 1220.0 0.0 2.0
42 1120.0 1220.0 0.0 2.0
43 1140.0 1220.0 0.0 2.0
44 1160.0 1220.0 0.0 2.0
45 1180.0 1220.0 0.0 2.0
46 1200.0 1220.0 0.0 2.0
47 1220.0 1220.0 0.0 2.0
48 1240.0 1220.0 0.0 2.0
49 1260.0 1220.0 0.0 2.0
50 1280.0 1220.0 0.0 2.0
51 1300.0 1220.0 0.0 2.0
52 1320.0 1220.0 0.0 2.0
53 1340.0 1220.0 0.0 2.0
54 1360.0 1220.0 0.0 2.0
55 1380.0 1220.0 0.0 2.0
56 1400.0 1220.0 0.0 2.0
57 1420.0 1220.0 0.0 2.0
58 1440.0 1220.0 0.0 2.0
59 1460.0 1220.0 0.0 2.0
60 1480.0 1220.0 0.0 2.0
61 1500.0 1220.0 0.0 2.0
62 1520.0 1220.0 0.0 2.0
63 1540.0 1220.0 0.0 2.0
64 1560.0 1220.0 0.0 2.0
65 1580.0 1220.0 0.0 2.0
66 1600.0 1220.0 0.0 2.0
67 1620.0 1220.0 0.0 2.0
68 1640.0 1220.0 0.0 2.0
69 1660.0 1220.0 0.0 2.0
70 1680.0 1220.0 0.0 2.0
71 1700.0 1220.0 0.0 2.0
72 1000.0 1240.0 0.0 2.0
73 1020.0 1240.0 0.0 2.0
74 1040.0 1240.0 0.0 2.0
75 1060.0 1240.0 0.0 2.0
76 1080.0 1240.0 0.0 2.0
77 1100.0 1240.0 0.0 2.0
78 1120.0 1240.0 0.0 2.0
79 1140.0 1240.0 0.0 2.0
80 1160.0 1240.0 0.0 2.0
81 1180.0 1240.0 0.0 2.0
82 1200.0 1240.0 0.0 2.0
83 1220.0 1240.0 0.0 2.0
84 1240.0 1240.0 0.0 2.0
85 1260.0 1240.0 0.0 2.0
86 1280.0 1240.0 0.0 2.0
87 1300.0 1240.0 0.0 2.0
88 1320.0 1240.0 0.0 2.0
89 1340.0 1240.0 0.0 2.0
90 1360.0 1240.0 0.0 2.0
91 1380.0 1240.0 0.0 2.0
92 1400.0 1240.0 0.0 2.0
93 1420.0 1240.0 0.0 2.0
94 1440.0 1240.0 0.0 2.0
95 1460.0 1240.0 0.0 2.0
96 1480.0 1240.0 0.0 2.0
97 1500.0 1240.0 0.0 2.0
98 1520.0 1240.0 0.0 2.0
99 1540.0 1240.0 0.0 2.0
100 1560.0 1240.0 0.0 2.0
101 1580.0 1240.0 0.0 2.0
102 1600.0 1240.0 0.0 2.0
103 1620.0 1240.0 0.0 2.0
104 1640.0 1240.0 0.0 2.0
105 1660.0 1240.0 0.0 2.0
106 1680.0 1240.0 0.0 2.0
107 1700.0 1240.0 0.0 2.0
108 1000.0 1260.0 0.0 2.0
109 1020.0 1260.0 0.0 2.0
110 1040.0 1260.0 0.0 2.0
111 1060.0 1260.0 0.0 2.0
112 1080.0 1260.0 0.0 2.0
113 1100.0 1260.0 0.0 2.0
114 1120.0 1260.0 0.0 2.0
115 1140.0 1260.0 0.0 2.0
116 1160.0 1260.0 0.0 2.0
117 1180.0 1260.0 0.0 2.0
118 1200.0 1260.0 0.0 2.0
119 1220.0 1260.0 0.0 2.0
120 1240.0 1260.0 0.0 2.0
121 1260.0 1260.0 0.0 2.0
122 1280.0 1260.0 0.0 2.0
123 1300.0 1260.0 0.0 2.0
124 1320.0 1260.0 0.0 2.0
125 1340.0 1260.0 0.0 2.0
126 1360.0 1260.0 0.0 2.0
127 1380.0 1260.0 0.0 2.0
128 1400.0 1260.0 0.0 2.0
129 1420.0 1260.0 0.0 2.0
130 1440.0 1260.0 0.0 2.0
131 1460.0 1260.0 0.0 2.0
132 1480.0 1260.0 0.0 2.0
133 1500.0 1260.0 0.0 2.0
134 1520.0 1260.0 0.0 2.0
135 1540.0 1260.0 0.0 2.0
136 1560.0 1260.0 0.0 2.0
137 1580.0 1260.0 0.0 2.0
138 1600.0 1260.0 0.0 2.0
139 1620.0 1260.0 0.0 2.0
140 1640.0 1260.0 0.0 2.0
141 1660.0 1260.0 0.0 2.0
142 1680.0 1260.0 0.0 2.0
143 1700.0 1260.0 0.0 2.0
144 1000.0 1280.0 0.0 2.0
145 1020.0 1280.0 0.0 2.0
146 1040.0 1280.0 0.0 2.0
147 1060.0 1280.0 0.0 2.0
148 1080.0 1280.0 0.0 2.0
149 1100.0 1280.0 0.0 2.0
150 1120.0 1280.0 0.0 2.0
151 1140.0 1280.0 0.0 2.0
152 1160.0 1280.0 0.0 2.0
153 1180.0 1280.0 0.0 2.0
154 1200.0 1280.0 0.0 2.0
155 1220.0 1280.0 0.0 2.0
156 1240.0 1280.0 0.0 2.0
157 1260.0 1280.0 0.0 2.0
158 1280.0 1280.0 0.0 2.0
159 1300.0 1280.0 0.0 2.0
160 1320.0 1280.0 0.0 2.0
161 1340.0 1280.0 0.0 2.0
162 1360.0 1280.0 0.0 2.0
163 1380.0 1280.0 0.0 2.0
164 1400.0 1280.0 0.0 2.0
165 1420.0 1280.0 0.0 2.0
166 1440.0 1280.0 0.0 2.0
167 1460.0 1280.0 0.0 2.0
168 1480.0 1280.0 0.0 2.0
169 1500.0 1280.0 0.0 2.0
170 1520.0 1280.0 0.0 2.0
171 1540.0 1280.0 0.0 2.0
172 1560.0 1280.0 0.0 2.0
173 1580.0 1280.0 0.0 2.0
174 1600.0 1280.0 0.0 2.0
175 1620.0 1280.0 0.0 2.0
176 1640.0 1280.0 0.0 2.0
177 1660.0 1280.0 0.0 2.0
178 1680.0 1280.0 0.0 2.0
179 1700.0 1280.0 0.0 2.0
180 1000.0 1300.0 0.0 2.0
181 1020.0 1300.0 0.0 2.0
182 1040.0 1300.0 0.0 2.0
183 1060.0 1300.0 0.0 2.0
184 1080.0 1300.0 0.0 2.0
185 1100.0 1300.0 0.0 2.0
186 1120.0 1300.0 0.0 2.0
187 1140.0 1300.0 0.0 2.0
188 1160.0 1300.0 0.0 2.0
189 1180.0 1300.0 0.0 2.0
190 1200.0 1300.0 0.0 2.0
191 1220.0 1300.0 0.0 2.0
192 1240.0 1300.0 0.0 2.0
193 1260.0 1300.0 0.0 2.0
194 1280.0 1300.0 0.0 2.0
195 1300.0 1300.0 0.0 2.0
196 1320.0 1300.0 0.0 2.0
197 1340.0 1300.0 0.0 2.0
198 1360.0 1300.0 0.0 2.0
199 1380.0 1300.0 0.0 2.0
200 1400.0 1300.0 0.0 2.0
201 1420.0 1300.0 0.0 2.0
202 1440.0 1300.0 0.0 2.0
203 1460.0 1300.0 0.0 2.0
204 1480.0 1300.0 0.0 2.0
205 1500.0 1300.0 0.0 2.0
206 1520.0 1300.0 0.0 2.0
207 1540.0 1300.0 0.0 2.0
208 1560.0 1300.0 0.0 2.0
209 1580.0 1300.0 0.0 2.0
210 1600.0 1300.0 0.0 2.0
211 1620.0 1300.0 0.0 2.0
212 1640.0 1300.0 0.0 2.0
213 1660.0 1300.0 0.0 2.0
214 1680.0 1300.0 0.0 2.0
215 1700.0 1300.0 0.0 2.0
