Way point list 
### begin grid settings
1000 1200 0 1700 1200 0 5 0 0 2
### begin wp_list
0 1000.0 1200.0 0.0 2.0
1 1005.0 1200.0 0.0 2.0
2 1010.0 1200.0 0.0 2.0
3 1015.0 1200.0 0.0 2.0
4 1020.0 1200.0 0.0 2.0
5 1025.0 1200.0 0.0 2.0
6 1030.0 1200.0 0.0 2.0
7 1035.0 1200.0 0.0 2.0
8 1040.0 1200.0 0.0 2.0
9 1045.0 1200.0 0.0 2.0
10 1050.0 1200.0 0.0 2.0
11 1055.0 1200.0 0.0 2.0
12 1060.0 1200.0 0.0 2.0
13 1065.0 1200.0 0.0 2.0
14 1070.0 1200.0 0.0 2.0
15 1075.0 1200.0 0.0 2.0
16 1080.0 1200.0 0.0 2.0
17 1085.0 1200.0 0.0 2.0
18 1090.0 1200.0 0.0 2.0
19 1095.0 1200.0 0.0 2.0
20 1100.0 1200.0 0.0 2.0
21 1105.0 1200.0 0.0 2.0
22 1110.0 1200.0 0.0 2.0
23 1115.0 1200.0 0.0 2.0
24 1120.0 1200.0 0.0 2.0
25 1125.0 1200.0 0.0 2.0
26 1130.0 1200.0 0.0 2.0
27 1135.0 1200.0 0.0 2.0
28 1140.0 1200.0 0.0 2.0
29 1145.0 1200.0 0.0 2.0
30 1150.0 1200.0 0.0 2.0
31 1155.0 1200.0 0.0 2.0
32 1160.0 1200.0 0.0 2.0
33 1165.0 1200.0 0.0 2.0
34 1170.0 1200.0 0.0 2.0
35 1175.0 1200.0 0.0 2.0
36 1180.0 1200.0 0.0 2.0
37 1185.0 1200.0 0.0 2.0
38 1190.0 1200.0 0.0 2.0
39 1195.0 1200.0 0.0 2.0
40 1200.0 1200.0 0.0 2.0
41 1205.0 1200.0 0.0 2.0
42 1210.0 1200.0 0.0 2.0
43 1215.0 1200.0 0.0 2.0
44 1220.0 1200.0 0.0 2.0
45 1225.0 1200.0 0.0 2.0
46 1230.0 1200.0 0.0 2.0
47 1235.0 1200.0 0.0 2.0
48 1240.0 1200.0 0.0 2.0
49 1245.0 1200.0 0.0 2.0
50 1250.0 1200.0 0.0 2.0
51 1255.0 1200.0 0.0 2.0
52 1260.0 1200.0 0.0 2.0
53 1265.0 1200.0 0.0 2.0
54 1270.0 1200.0 0.0 2.0
55 1275.0 1200.0 0.0 2.0
56 1280.0 1200.0 0.0 2.0
57 1285.0 1200.0 0.0 2.0
58 1290.0 1200.0 0.0 2.0
59 1295.0 1200.0 0.0 2.0
60 1300.0 1200.0 0.0 2.0
61 1305.0 1200.0 0.0 2.0
62 1310.0 1200.0 0.0 2.0
63 1315.0 1200.0 0.0 2.0
64 1320.0 1200.0 0.0 2.0
65 1325.0 1200.0 0.0 2.0
66 1330.0 1200.0 0.0 2.0
67 1335.0 1200.0 0.0 2.0
68 1340.0 1200.0 0.0 2.0
69 1345.0 1200.0 0.0 2.0
70 1350.0 1200.0 0.0 2.0
71 1355.0 1200.0 0.0 2.0
72 1360.0 1200.0 0.0 2.0
73 1365.0 1200.0 0.0 2.0
74 1370.0 1200.0 0.0 2.0
75 1375.0 1200.0 0.0 2.0
76 1380.0 1200.0 0.0 2.0
77 1385.0 1200.0 0.0 2.0
78 1390.0 1200.0 0.0 2.0
79 1395.0 1200.0 0.0 2.0
80 1400.0 1200.0 0.0 2.0
81 1405.0 1200.0 0.0 2.0
82 1410.0 1200.0 0.0 2.0
83 1415.0 1200.0 0.0 2.0
84 1420.0 1200.0 0.0 2.0
85 1425.0 1200.0 0.0 2.0
86 1430.0 1200.0 0.0 2.0
87 1435.0 1200.0 0.0 2.0
88 1440.0 1200.0 0.0 2.0
89 1445.0 1200.0 0.0 2.0
90 1450.0 1200.0 0.0 2.0
91 1455.0 1200.0 0.0 2.0
92 1460.0 1200.0 0.0 2.0
93 1465.0 1200.0 0.0 2.0
94 1470.0 1200.0 0.0 2.0
95 1475.0 1200.0 0.0 2.0
96 1480.0 1200.0 0.0 2.0
97 1485.0 1200.0 0.0 2.0
98 1490.0 1200.0 0.0 2.0
99 1495.0 1200.0 0.0 2.0
100 1500.0 1200.0 0.0 2.0
101 1505.0 1200.0 0.0 2.0
102 1510.0 1200.0 0.0 2.0
103 1515.0 1200.0 0.0 2.0
104 1520.0 1200.0 0.0 2.0
105 1525.0 1200.0 0.0 2.0
106 1530.0 1200.0 0.0 2.0
107 1535.0 1200.0 0.0 2.0
108 1540.0 1200.0 0.0 2.0
109 1545.0 1200.0 0.0 2.0
110 1550.0 1200.0 0.0 2.0
111 1555.0 1200.0 0.0 2.0
112 1560.0 1200.0 0.0 2.0
113 1565.0 1200.0 0.0 2.0
114 1570.0 1200.0 0.0 2.0
115 1575.0 1200.0 0.0 2.0
116 1580.0 1200.0 0.0 2.0
117 1585.0 1200.0 0.0 2.0
118 1590.0 1200.0 0.0 2.0
119 1595.0 1200.0 0.0 2.0
120 1600.0 1200.0 0.0 2.0
121 1605.0 1200.0 0.0 2.0
122 1610.0 1200.0 0.0 2.0
123 1615.0 1200.0 0.0 2.0
124 1620.0 1200.0 0.0 2.0
125 1625.0 1200.0 0.0 2.0
126 1630.0 1200.0 0.0 2.0
127 1635.0 1200.0 0.0 2.0
128 1640.0 1200.0 0.0 2.0
129 1645.0 1200.0 0.0 2.0
130 1650.0 1200.0 0.0 2.0
131 1655.0 1200.0 0.0 2.0
132 1660.0 1200.0 0.0 2.0
133 1665.0 1200.0 0.0 2.0
134 1670.0 1200.0 0.0 2.0
135 1675.0 1200.0 0.0 2.0
136 1680.0 1200.0 0.0 2.0
137 1685.0 1200.0 0.0 2.0
138 1690.0 1200.0 0.0 2.0
139 1695.0 1200.0 0.0 2.0
140 1700.0 1200.0 0.0 2.0
