Way point list 
### begin grid settings
1400 1100 0 1000 1100 0 -20 0 0 2
### begin wp_list
0 1000.0 1200.0 5 2.0
1 1020.0 1200.0 5 2.0
2 1040.0 1200.0 5 2.0
3 1060.0 1200.0 5.0 2.0
4 1080.0 1200.0 5.0 2.0
5 1100.0 1200.0 5.0 2.0
6 1120.0 1200.0 5.0 2.0
7 1140.0 1200.0 5.0 2.0
8 1160.0 1200.0 5.0 2.0
9 1180.0 1200.0 5.0 2.0
10 1200.0 1200.0 5.0 2.0
11 1220.0 1200.0 5.0 2.0
12 1240.0 1200.0 5.0 2.0
13 1260.0 1200.0 5.0 2.0
14 1280.0 1200.0 5.0 2.0
15 1300.0 1200.0 5.0 2.0
16 1320.0 1200.0 5.0 2.0
17 1340.0 1200.0 5.0 2.0
18 1360.0 1200.0 5.0 2.0
19 1380.0 1200.0 5.0 2.0
20 1400.0 1200.0 5.0 2.0
0 1400.0 1200.0 5.0 2.0
1 1400.0 1180.0 5.0 2.0
2 1400.0 1160.0 5.0 2.0
3 1400.0 1140.0 5.0 2.0
4 1400.0 1120.0 5.0 2.0
5 1400.0 1100.0 5.0 2.0
0 1400.0 1100.0 5.0 2.0
1 1380.0 1100.0 5.0 2.0
2 1360.0 1100.0 5.0 2.0
3 1340.0 1100.0 5.0 2.0
4 1320.0 1100.0 5.0 2.0
5 1300.0 1100.0 5.0 2.0
6 1280.0 1100.0 5.0 2.0
7 1260.0 1100.0 5.0 2.0
8 1240.0 1100.0 5.0 2.0
9 1220.0 1100.0 5.0 2.0
10 1200.0 1100.0 5.0 2.0
11 1180.0 1100.0 5.0 2.0
12 1160.0 1100.0 5.0 2.0
13 1140.0 1100.0 5.0 2.0
14 1120.0 1100.0 5.0 2.0
15 1100.0 1100.0 5.0 2.0
16 1080.0 1100.0 5.0 2.0
17 1060.0 1100.0 5.0 2.0
18 1040.0 1100.0 5.0 2.0
19 1020.0 1100.0 5.0 2.0
20 1000.0 1100.0 5.0 2.0
