Way point list 
### begin grid settings
1020 1147 0 1693 1147 1000 100 0 100 2
### begin wp_list
0 1020.0 1147.0 0.0 2.0
1 1132.16666667 1147.0 0.0 2.0
2 1244.33333333 1147.0 0.0 2.0
3 1356.5 1147.0 0.0 2.0
4 1468.66666667 1147.0 0.0 2.0
5 1580.83333333 1147.0 0.0 2.0
6 1693.0 1147.0 0.0 2.0
7 1020.0 1147.0 100.0 2.0
8 1132.16666667 1147.0 100.0 2.0
9 1244.33333333 1147.0 100.0 2.0
10 1356.5 1147.0 100.0 2.0
11 1468.66666667 1147.0 100.0 2.0
12 1580.83333333 1147.0 100.0 2.0
13 1693.0 1147.0 100.0 2.0
14 1020.0 1147.0 200.0 2.0
15 1132.16666667 1147.0 200.0 2.0
16 1244.33333333 1147.0 200.0 2.0
17 1356.5 1147.0 200.0 2.0
18 1468.66666667 1147.0 200.0 2.0
19 1580.83333333 1147.0 200.0 2.0
20 1693.0 1147.0 200.0 2.0
21 1020.0 1147.0 300.0 2.0
22 1132.16666667 1147.0 300.0 2.0
23 1244.33333333 1147.0 300.0 2.0
24 1356.5 1147.0 300.0 2.0
25 1468.66666667 1147.0 300.0 2.0
26 1580.83333333 1147.0 300.0 2.0
27 1693.0 1147.0 300.0 2.0
28 1020.0 1147.0 400.0 2.0
29 1132.16666667 1147.0 400.0 2.0
30 1244.33333333 1147.0 400.0 2.0
31 1356.5 1147.0 400.0 2.0
32 1468.66666667 1147.0 400.0 2.0
33 1580.83333333 1147.0 400.0 2.0
34 1693.0 1147.0 400.0 2.0
35 1020.0 1147.0 500.0 2.0
36 1132.16666667 1147.0 500.0 2.0
37 1244.33333333 1147.0 500.0 2.0
38 1356.5 1147.0 500.0 2.0
39 1468.66666667 1147.0 500.0 2.0
40 1580.83333333 1147.0 500.0 2.0
41 1693.0 1147.0 500.0 2.0
42 1020.0 1147.0 600.0 2.0
43 1132.16666667 1147.0 600.0 2.0
44 1244.33333333 1147.0 600.0 2.0
45 1356.5 1147.0 600.0 2.0
46 1468.66666667 1147.0 600.0 2.0
47 1580.83333333 1147.0 600.0 2.0
48 1693.0 1147.0 600.0 2.0
49 1020.0 1147.0 700.0 2.0
50 1132.16666667 1147.0 700.0 2.0
51 1244.33333333 1147.0 700.0 2.0
52 1356.5 1147.0 700.0 2.0
53 1468.66666667 1147.0 700.0 2.0
54 1580.83333333 1147.0 700.0 2.0
55 1693.0 1147.0 700.0 2.0
56 1020.0 1147.0 800.0 2.0
57 1132.16666667 1147.0 800.0 2.0
58 1244.33333333 1147.0 800.0 2.0
59 1356.5 1147.0 800.0 2.0
60 1468.66666667 1147.0 800.0 2.0
61 1580.83333333 1147.0 800.0 2.0
62 1693.0 1147.0 800.0 2.0
63 1020.0 1147.0 900.0 2.0
64 1132.16666667 1147.0 900.0 2.0
65 1244.33333333 1147.0 900.0 2.0
66 1356.5 1147.0 900.0 2.0
67 1468.66666667 1147.0 900.0 2.0
68 1580.83333333 1147.0 900.0 2.0
69 1693.0 1147.0 900.0 2.0
70 1020.0 1147.0 1000.0 2.0
71 1132.16666667 1147.0 1000.0 2.0
72 1244.33333333 1147.0 1000.0 2.0
73 1356.5 1147.0 1000.0 2.0
74 1468.66666667 1147.0 1000.0 2.0
75 1580.83333333 1147.0 1000.0 2.0
76 1693.0 1147.0 1000.0 2.0
